-30 27 -23 65 40 18 -8 94 13 20 -27 31 53 1 -33 -18 58 -12
-23 27 -12 62 41 24 -10 91 19 21 -25 35 52 3 -29 -20 56 -11
-21 27 -11 57 44 28 -10 86 26 21 -17 40 52 7 -25 -19 53 -4
-15 23 -6 53 43 31 -13 81 28 20 -12 43 56 12 -18 -18 45 1
-13 23 -5 49 45 34 -11 78 32 20 -7 44 55 15 -14 -19 40 3
-1 21 0 46 44 37 -13 74 35 21 -1 47 56 20 -11 -21 38 8
5 18 3 27 49 39 -15 62 38 24 5 46 57 26 -6 -27 29 11
10 14 1 25 54 36 -19 55 38 32 15 43 64 40 -8 -32 17 8
16 11 0 19 57 33 -25 50 37 37 22 43 69 45 -9 -37 10 1
21 5 -7 16 62 29 -28 46 33 38 26 38 73 47 -14 -40 11 1
20 1 -10 13 65 26 -31 45 29 41 25 38 75 47 -15 -41 6 -1
19 0 -12 13 67 22 -34 44 25 44 25 31 78 52 -18 -42 7 -3
22 0 -13 12 68 19 -34 42 23 48 31 28 79 54 -21 -46 6 -9
24 -4 -17 11 69 18 -37 40 21 48 28 28 81 55 -25 -49 3 -12
23 -6 -23 16 73 12 -41 41 15 50 26 22 86 54 -27 -50 6 -16
18 -7 -23 16 73 12 -40 46 17 52 19 21 84 46 -28 -52 8 -17
15 -6 -19 20 75 10 -40 49 13 53 16 18 86 46 -33 -52 13 -17
16 -8 -26 23 74 7 -42 50 11 53 15 16 85 45 -36 -52 15 -22
8 -10 -35 27 78 -1 -44 54 4 56 12 12 87 43 -42 -53 21 -27
6 -9 -41 31 78 -9 -45 59 -5 56 3 5 90 38 -51 -53 21 -32
2 -9 -44 36 75 -13 -44 64 -10 55 -2 2 88 33 -58 -50 33 -42
-4 -4 -49 43 74 -18 -40 69 -17 55 -8 -5 84 29 -67 -49 39 -50
-13 -1 -61 49 68 -27 -38 73 -23 51 -12 -9 83 25 -69 -48 42 -54
-18 6 -67 54 62 -31 -28 80 -34 44 -21 -19 78 20 -75 -45 47 -59
-20 11 -73 54 58 -38 -26 80 -38 38 -26 -25 69 19 -87 -33 51 -69
-22 17 -77 60 50 -40 -18 84 -42 32 -28 -28 65 16 -90 -26 54 -73
-27 30 -85 60 46 -41 -11 84 -45 26 -31 -32 57 16 -94 -19 55 -77
-26 36 -87 61 36 -46 1 85 -55 14 -32 -39 53 15 -98 -15 55 -81
-24 40 -91 59 33 -51 2 79 -58 10 -29 -45 46 18 -104 -8 49 -86
-17 39 -95 57 31 -55 2 77 -60 10 -26 -46 45 24 -104 -9 48 -91
-11 37 -99 52 30 -56 1 76 -61 14 -22 -50 47 30 -110 -11 41 -93
-8 36 -101 44 35 -63 -2 65 -66 15 -17 -53 49 34 -109 -12 39 -95
-3 33 -102 40 35 -64 -5 57 -66 18 -8 -58 54 44 -110 -16 30 -97
5 31 -105 34 40 -65 -8 53 -67 19 -1 -58 54 49 -113 -18 20 -98
10 26 -102 27 40 -66 -9 46 -67 22 6 -60 57 57 -110 -22 15 -97
25 24 -104 10 44 -64 -14 29 -62 23 11 -60 58 64 -110 -22 7 -97
38 24 -98 0 46 -60 -14 18 -56 28 33 -56 58 81 -103 -26 -5 -93
45 20 -94 -7 49 -55 -15 13 -52 30 40 -50 60 89 -94 -25 -19 -84
53 19 -87 -12 48 -52 -17 7 -44 31 45 -46 60 95 -87 -25 -26 -76
62 17 -75 -24 49 -40 -16 2 -38 29 51 -43 61 99 -82 -29 -27 -70
63 16 -69 -26 54 -33 -20 -2 -24 32 60 -27 65 99 -64 -28 -32 -64
62 15 -58 -27 55 -25 -21 -3 -14 36 61 -17 68 100 -55 -35 -33 -44
64 7 -45 -25 58 -11 -24 1 -1 37 62 -4 69 93 -41 -35 -30 -34
54 1 -34 -16 65 0 -27 6 7 39 60 4 72 89 -35 -37 -29 -26
54 2 -32 -13 64 2 -31 12 9 41 54 10 75 85 -33 -40 -26 -24
52 3 -30 -15 66 6 -33 13 12 43 54 11 75 82 -30 -41 -19 -21
51 2 -29 -13 65 4 -32 15 13 44 50 13 78 80 -29 -42 -19 -18
46 -2 -28 -12 67 5 -32 17 12 45 51 13 77 79 -29 -41 -17 -22
45 -2 -30 -8 71 4 -34 20 11 47 47 14 77 76 -31 -45 -18 -22
41 -3 -30 -8 70 5 -36 22 10 50 42 13 81 71 -33 -49 -12 -22
38 -7 -27 -1 72 1 -39 28 8 53 34 8 88 67 -38 -53 -3 -29
21 -11 -41 8 78 -6 -44 34 -3 55 26 4 88 61 -47 -55 3 -36
13 -13 -47 23 76 -16 -46 51 -15 56 7 -6 89 52 -54 -57 12 -39
7 -12 -51 28 77 -19 -44 56 -17 57 5 -8 88 44 -62 -54 21 -48
6 -10 -50 29 78 -22 -43 54 -15 56 2 -6 90 41 -62 -56 24 -49
2 -10 -54 32 76 -20 -44 57 -19 56 3 -8 89 39 -62 -56 25 -48
-2 -4 -65 40 71 -31 -38 63 -31 53 0 -10 89 40 -68 -54 27 -55
-3 1 -72 40 69 -36 -34 65 -39 50 -10 -26 77 35 -84 -45 35 -70
-8 4 -79 45 63 -44 -31 70 -45 42 -13 -32 75 31 -91 -40 39 -76
-9 8 -82 47 58 -47 -25 69 -48 40 -15 -33 70 32 -94 -35 38 -79
-7 10 -84 44 58 -47 -28 68 -50 40 -15 -37 73 33 -94 -36 39 -78
-9 11 -84 44 58 -48 -28 66 -48 39 -12 -35 73 32 -93 -35 36 -80
-9 10 -81 45 59 -46 -26 67 -48 40 -13 -33 73 33 -95 -36 36 -79
-8 9 -83 44 59 -47 -28 67 -48 40 -14 -34 75 35 -94 -40 35 -78
-6 15 -90 41 54 -54 -26 69 -48 41 -15 -36 72 31 -97 -34 37 -80
0 14 -94 36 54 -58 -24 56 -59 36 0 -48 69 49 -105 -31 32 -88
13 13 -92 21 56 -59 -26 45 -57 39 11 -49 71 60 -100 -36 9 -88
27 10 -92 10 58 -58 -25 30 -52 37 24 -47 70 72 -96 -36 0 -84
36 7 -86 -1 61 -50 -27 26 -48 43 29 -46 74 77 -93 -38 -6 -81
42 4 -78 -5 64 -44 -31 16 -39 44 39 -39 76 81 -85 -39 -11 -77
44 2 -76 -7 65 -43 -32 16 -37 45 40 -40 77 83 -84 -43 -13 -77
40 2 -76 -7 64 -42 -32 18 -37 46 40 -36 78 81 -83 -45 -10 -72
47 2 -67 -9 65 -38 -31 14 -33 45 41 -35 79 80 -77 -45 -12 -67
49 4 -67 -11 63 -34 -27 17 -46 48 34 -27 81 77 -73 -44 -15 -63
53 4 -66 -13 62 -32 -36 14 -42 49 41 -24 80 84 -62 -43 -20 -53
53 7 -61 -11 60 -30 -39 12 -29 51 47 -17 78 89 -58 -44 -21 -48
56 10 -55 -12 60 -29 -37 11 -22 47 51 -14 79 90 -55 -42 -26 -44
61 11 -49 -23 58 -14 -30 2 -7 43 53 -13 75 91 -48 -39 -30 -39
56 8 -46 -22 59 -16 -29 3 -5 41 57 -6 73 93 -45 -40 -28 -35
62 11 -42 -24 57 -8 -25 1 0 37 61 -2 68 92 -40 -37 -30 -31
65 17 -30 -27 55 -3 -21 0 6 33 66 4 65 93 -35 -31 -33 -24
62 19 -28 -25 48 7 -17 1 16 29 65 8 64 93 -27 -29 -36 -19
61 21 -25 -27 47 11 -15 4 21 26 63 16 61 88 -22 -27 -37 -14
61 22 -21 -24 45 13 -15 5 21 26 64 18 60 92 -19 -26 -39 -13
59 23 -17 -20 47 17 -15 6 24 26 63 22 61 89 -17 -21 -37 -10
48 26 -9 -14 42 29 -10 16 35 23 58 30 56 84 -11 -18 -34 -4
45 32 -3 -9 38 38 -4 23 42 14 52 40 48 70 -2 -20 -20 2
42 35 3 -4 29 41 2 29 46 7 46 44 42 63 2 -5 -8 13
41 42 5 -3 27 42 7 29 47 2 44 46 36 60 -1 -2 -9 12
40 34 5 -3 35 39 6 28 46 9 43 45 41 63 2 -7 -10 15
36 22 4 0 42 38 -14 34 41 25 40 44 56 57 -5 -15 -7 9
31 12 0 7 55 33 -21 40 38 36 32 44 66 52 -4 -33 0 4
22 7 -2 15 59 32 -24 47 38 35 23 43 68 44 -3 -37 7 8
13 4 -6 26 62 27 -24 51 35 37 17 45 67 39 -6 -35 10 10
6 0 -10 31 66 22 -32 62 23 41 2 33 70 32 -14 -30 20 11
-1 1 -15 39 68 19 -34 66 18 41 -2 29 65 24 -25 -31 26 -6
-7 -4 -21 47 68 13 -33 70 11 41 -8 21 69 23 -35 -36 33 -20
-20 0 -36 54 66 4 -35 75 4 41 -13 14 67 19 -45 -38 36 -29
-26 -2 -44 62 66 -9 -37 79 -16 46 -17 -5 74 18 -57 -39 40 -40
-21 -4 -56 58 66 -18 -35 76 -26 43 -18 -9 74 24 -74 -39 38 -57
-16 0 -67 54 66 -31 -31 72 -33 42 -16 -22 71 29 -85 -35 35 -68
-17 3 -80 55 64 -38 -30 71 -43 39 -20 -30 66 32 -90 -33 32 -73
-19 5 -86 60 58 -47 -22 66 -54 36 -16 -37 63 35 -98 -31 29 -81
-19 6 -90 63 56 -50 -20 65 -55 25 -14 -48 58 43 -108 -25 26 -93
-16 11 -98 68 51 -58 -17 62 -63 17 -12 -56 51 44 -113 -22 27 -97
-18 12 -106 76 46 -63 -12 63 -69 17 -14 -61 49 43 -116 -19 26 -100
-26 15 -110 95 31 -53 -2 62 -72 9 -12 -64 46 46 -118 -17 26 -103
-25 18 -122 122 24 -66 4 63 -73 0 -12 -68 39 47 -123 -12 29 -102
-39 17 -120 130 4 -46 12 62 -79 -3 -11 -73 35 46 -124 -1 27 -106
-39 23 -120 127 2 -50 14 59 -78 -9 -12 -75 29 47 -124 3 26 -109
-27 40 -114 70 6 -61 17 56 -80 -9 -8 -74 28 49 -125 3 24 -109
-7 44 -112 41 18 -65 13 50 -75 -2 0 -69 29 57 -122 6 17 -107
0 48 -107 34 15 -64 12 45 -73 -1 4 -66 29 60 -118 6 11 -105
12 54 -106 24 14 -62 15 37 -71 -4 15 -68 28 69 -116 9 4 -105
40 57 -102 -4 12 -60 18 27 -66 -5 23 -66 25 79 -113 9 -6 -98
51 55 -100 -13 14 -58 19 7 -53 -7 45 -58 25 88 -105 8 -17 -94
58 54 -91 -23 15 -50 16 1 -44 -4 58 -47 26 103 -86 8 -36 -76
67 50 -81 -32 18 -40 13 -7 -32 0 64 -36 30 108 -74 3 -41 -63
74 37 -57 -34 25 -29 7 -13 -20 8 71 -25 38 108 -62 -2 -43 -53
75 32 -47 -36 37 -9 -5 -9 -1 15 73 -7 44 109 -53 -9 -41 -42
73 27 -39 -33 43 -2 -7 -8 8 21 72 4 54 101 -35 -20 -38 -26
66 23 -30 -29 45 4 -13 -3 14 27 66 9 60 93 -29 -24 -35 -19
54 9 -23 -24 53 9 -20 5 18 31 64 14 65 89 -24 -31 -26 -15
45 2 -21 -8 68 12 -32 23 17 37 56 19 71 81 -26 -37 -18 -16
33 -6 -26 6 72 9 -40 37 15 52 28 17 85 57 -32 -51 6 -19
19 -6 -22 18 74 10 -42 46 15 53 19 21 83 45 -31 -51 14 -19
3 -2 -19 25 73 15 -37 53 16 50 11 25 82 38 -29 -48 23 -15
-3 2 -18 44 68 13 -33 71 15 48 3 25 79 27 -31 -44 33 -17
-10 4 -20 46 64 16 -30 77 12 42 -11 27 72 17 -34 -41 38 -16
-19 9 -24 55 59 12 -26 82 9 36 -17 26 69 9 -39 -35 51 -18
-25 14 -26 61 56 10 -21 90 6 31 -24 22 64 3 -42 -29 57 -21
-31 20 -34 66 47 6 -15 93 0 29 -26 22 63 3 -45 -25 58 -24
-31 21 -37 69 45 2 -13 97 -5 26 -32 14 58 0 -52 -23 61 -28
-34 24 -39 70 44 -2 -13 98 -6 23 -34 12 56 -1 -54 -19 64 -35
-36 25 -38 72 39 0 -11 100 -7 21 -36 12 54 -3 -55 -16 67 -34
-37 30 -38 76 37 2 -5 100 -6 16 -38 11 51 -4 -54 -17 67 -33
-41 30 -35 78 37 3 -1 103 -4 13 -38 13 50 -5 -52 -13 66 -32
-43 26 -32 81 33 11 -4 104 -6 13 -37 12 47 -1 -53 -13 63 -33
-48 24 -36 88 37 10 -2 105 -5 10 -38 12 42 -3 -53 -13 60 -33
-44 21 -41 90 44 4 -5 103 -8 6 -41 10 38 3 -55 -13 56 -38
-40 19 -39 88 47 2 -9 100 -7 8 -42 12 33 3 -55 -10 54 -38
-42 16 -36 87 48 12 -9 99 -10 11 -36 9 47 2 -54 -17 59 -36
-43 13 -35 85 45 13 -11 95 -11 18 -35 5 55 4 -59 -25 60 -38
-37 9 -47 80 50 5 -14 94 -17 19 -34 3 56 5 -62 -28 57 -43
-36 11 -54 73 54 -16 -18 93 -30 27 -31 -12 61 9 -67 -28 55 -51
-38 15 -62 74 49 -21 -17 90 -37 22 -36 -19 54 10 -79 -26 54 -63
-36 16 -66 76 47 -27 -13 88 -42 20 -35 -22 50 12 -83 -19 53 -67
-35 26 -87 85 45 -38 -6 91 -52 12 -40 -33 41 17 -100 -11 50 -79
-31 28 -92 81 44 -59 1 88 -62 11 -42 -40 39 18 -104 -11 48 -86
-31 30 -88 76 41 -45 2 91 -58 3 -39 -28 29 22 -89 -5 42 -85
-29 34 -88 61 35 -44 2 85 -53 11 -28 -37 46 22 -101 -8 49 -86
-21 41 -92 57 31 -52 2 81 -60 9 -26 -44 44 23 -105 -6 48 -87
-16 45 -100 51 27 -59 8 74 -65 7 -24 -47 40 25 -110 -5 45 -92
-9 44 -104 43 26 -63 7 64 -65 5 -14 -57 38 41 -114 -4 42 -94
-1 51 -106 39 20 -66 9 57 -69 2 -5 -61 38 48 -116 0 27 -101
6 50 -107 34 19 -66 11 54 -72 2 0 -62 34 56 -116 1 21 -103
20 52 -111 15 18 -69 13 43 -70 -3 8 -64 31 62 -116 5 10 -102
28 54 -108 10 18 -68 16 28 -67 -2 22 -65 31 79 -112 6 3 -102
40 52 -107 -2 18 -62 15 19 -65 -1 33 -65 31 83 -108 4 -14 -98
48 51 -103 -8 20 -61 14 10 -56 1 43 -60 30 90 -101 5 -23 -90
65 46 -88 -27 24 -49 11 2 -50 1 51 -54 33 100 -93 1 -29 -82
69 41 -80 -29 26 -41 2 -9 -33 11 65 -36 37 103 -86 -3 -34 -76
71 33 -71 -31 39 -32 -5 -11 -23 18 68 -28 51 105 -65 -17 -39 -57
71 23 -60 -32 46 -24 -15 -7 -15 24 65 -20 59 102 -56 -25 -39 -49
60 7 -41 -28 51 -18 -21 -2 -8 35 65 -11 67 95 -49 -34 -33 -40
53 2 -30 -14 66 4 -33 16 9 45 50 11 73 90 -40 -40 -24 -30
41 1 -22 -5 69 11 -35 23 18 46 39 23 78 65 -22 -46 -8 -10
32 0 -14 5 66 22 -31 35 27 45 33 33 74 54 -15 -44 2 -2
19 6 -5 12 62 28 -29 44 31 41 27 38 70 46 -13 -39 10 2
14 5 -3 23 60 31 -26 50 36 40 24 38 71 44 -12 -36 14 1
13 8 -5 23 58 31 -25 53 35 35 17 44 69 38 -10 -34 16 5
11 11 -1 22 57 34 -24 54 37 32 18 45 65 40 -7 -33 15 6
13 9 1 23 56 34 -24 54 37 35 19 45 66 37 -8 -33 17 7
8 17 2 27 53 38 -17 59 38 32 16 44 63 36 -6 -29 17 9
5 19 3 33 48 41 -16 64 41 25 9 48 57 29 -7 -25 24 12
-1 23 4 41 43 40 -11 72 38 19 1 48 53 22 -9 -18 36 10
-9 27 0 45 41 38 -7 77 35 16 -8 49 50 15 -13 -16 42 6
-16 35 -1 52 33 39 -2 80 36 12 -9 47 45 10 -14 -11 45 7
-20 36 -4 54 31 35 1 87 33 5 -13 45 42 10 -17 -10 46 4
-19 39 -3 55 29 34 5 86 30 8 -15 45 38 4 -18 -3 52 3
-23 42 -6 59 26 34 7 91 27 3 -18 41 37 5 -20 -3 52 1
-26 46 -10 64 22 31 11 91 25 2 -22 40 35 2 -21 0 55 -1
-28 46 -14 63 22 28 11 95 20 1 -25 37 33 0 -25 0 55 -4
-31 46 -15 65 25 24 9 96 19 5 -28 33 35 -3 -31 -1 61 -10
-30 44 -18 67 23 24 7 96 18 3 -29 32 37 -3 -33 0 63 -12
-32 45 -22 71 26 19 8 98 13 5 -29 31 37 -4 -34 -2 65 -12
-33 44 -24 69 23 15 9 98 9 3 -33 24 37 -6 -36 -3 66 -15
-38 46 -32 74 25 10 10 103 0 2 -38 16 37 -5 -48 -1 70 -28
-35 46 -34 76 23 6 10 102 -2 0 -40 11 37 -7 -50 -1 69 -32
-42 48 -43 75 21 1 8 104 -4 2 -41 11 37 -7 -52 1 72 -34
-39 43 -46 77 28 -4 8 103 -11 7 -41 5 37 -8 -57 -4 70 -38
-40 40 -49 79 30 -7 3 102 -15 9 -43 1 44 -6 -64 -9 69 -43
-38 36 -55 74 34 -12 0 102 -21 13 -42 -3 49 -3 -69 -10 68 -49
-38 32 -64 74 35 -16 -4 100 -23 15 -39 -4 51 -1 -72 -16 66 -52
-34 32 -68 71 40 -27 -5 95 -34 17 -41 -11 53 0 -77 -17 65 -59
-32 31 -71 70 40 -33 -7 93 -36 18 -36 -22 52 7 -84 -14 61 -64
-32 32 -77 66 41 -35 -8 90 -42 19 -35 -26 55 11 -89 -19 59 -71
-31 31 -77 66 39 -39 -8 89 -45 20 -32 -27 55 11 -92 -20 57 -75
-26 31 -83 62 39 -42 -5 85 -48 19 -35 -29 54 12 -93 -15 58 -75
-25 33 -84 58 40 -47 -8 82 -54 20 -27 -37 53 22 -100 -16 56 -79
-18 31 -92 54 39 -52 -6 75 -56 21 -23 -44 54 28 -103 -15 43 -89
-14 32 -97 49 34 -58 -2 69 -60 16 -19 -49 51 31 -108 -13 40 -93
-4 36 -103 38 36 -62 -2 66 -63 14 -13 -54 48 38 -110 -11 36 -97
4 35 -105 34 33 -65 -3 54 -68 14 -3 -59 48 45 -113 -11 28 -98
7 36 -107 30 33 -67 -5 51 -67 16 0 -59 51 53 -114 -17 19 -100
11 32 -105 26 40 -67 -6 44 -67 20 6 -59 53 60 -112 -17 15 -100
18 27 -103 18 44 -65 -11 40 -64 22 12 -58 53 64 -110 -19 9 -99
26 23 -100 13 45 -64 -14 32 -62 28 20 -58 55 64 -110 -22 7 -95
29 23 -100 9 47 -63 -14 28 -59 28 25 -54 58 75 -101 -25 -3 -90
36 23 -97 5 49 -61 -15 24 -57 28 29 -54 62 78 -101 -28 -9 -89
41 20 -92 0 49 -60 -16 20 -54 31 33 -50 62 82 -96 -27 -11 -85
46 18 -89 -11 52 -51 -19 13 -44 33 44 -46 63 86 -90 -28 -15 -83
52 17 -82 -13 53 -47 -20 8 -38 35 47 -40 66 90 -82 -32 -23 -73
54 15 -79 -18 52 -42 -23 6 -35 37 51 -38 68 93 -77 -33 -25 -68
62 11 -67 -19 54 -39 -22 4 -31 36 52 -33 67 94 -72 -31 -30 -64
61 13 -63 -25 56 -26 -23 -3 -18 35 56 -28 66 95 -66 -32 -30 -57
63 11 -56 -26 55 -20 -24 0 -10 34 61 -12 70 96 -51 -35 -31 -43
60 6 -50 -25 57 -15 -26 0 -7 37 61 -7 68 93 -46 -39 -32 -39
60 6 -44 -23 59 -10 -26 2 -2 37 58 -3 70 90 -43 -37 -31 -35
55 5 -35 -18 62 -2 -27 9 7 40 58 3 71 89 -39 -38 -27 -31
53 4 -32 -15 63 5 -31 12 11 42 54 13 76 80 -32 -40 -25 -24
50 5 -28 -12 64 7 -30 15 15 42 52 15 72 80 -27 -37 -20 -18
49 2 -22 -10 63 10 -28 16 14 41 51 18 73 77 -24 -40 -18 -14
41 2 -20 -7 64 14 -30 22 18 43 47 23 75 73 -25 -40 -15 -12
38 2 -18 0 67 15 -32 27 22 45 42 25 78 65 -23 -41 -10 -10
33 0 -15 1 67 17 -34 32 26 45 36 28 77 61 -19 -42 -5 -8
29 0 -13 6 67 19 -31 36 26 44 35 29 77 58 -19 -44 -1 -7
25 1 -12 7 66 23 -32 36 26 45 34 31 77 57 -20 -45 2 -6
25 0 -9 13 65 22 -32 40 27 45 27 33 78 55 -20 -43 3 -6
22 2 -8 12 64 25 -31 43 30 42 26 34 73 51 -15 -41 8 -2
18 5 -5 16 62 29 -29 47 32 41 24 38 73 45 -14 -38 12 -1
15 7 -3 20 59 26 -28 48 32 42 22 39 72 43 -12 -40 13 1
13 6 -4 23 60 32 -28 52 33 38 17 40 74 41 -12 -36 16 0
11 6 -3 25 61 33 -26 55 33 38 14 39 73 35 -14 -38 19 -1
10 6 -7 27 61 28 -28 55 30 39 11 38 73 34 -15 -40 21 -3
5 8 -6 29 64 27 -28 58 31 39 10 40 71 32 -14 -39 26 -2
5 6 -5 33 60 27 -27 60 30 36 9 40 72 33 -17 -36 23 0
5 7 -6 34 61 29 -25 64 28 36 6 39 69 27 -16 -38 28 -2
-1 6 -8 36 61 25 -25 67 28 36 -1 36 69 23 -20 -35 33 -5
-15 14 -12 45 56 27 -24 75 27 33 -9 37 66 18 -22 -31 41 -3
-17 19 -11 55 49 26 -16 84 22 31 -12 35 64 13 -22 -28 47 -4
-23 21 -16 60 47 22 -14 90 18 25 -21 34 58 5 -28 -24 50 -6
-25 24 -19 64 42 18 -8 93 15 20 -27 30 54 1 -36 -19 59 -14
-31 29 -23 68 40 17 -5 93 8 16 -30 25 50 -3 -39 -13 64 -20
-38 38 -33 72 32 5 1 101 0 13 -34 23 49 -3 -45 -11 66 -23
-42 43 -38 76 29 4 4 101 -4 8 -40 12 41 -7 -52 -5 68 -29
-40 44 -41 75 27 -3 6 101 -9 5 -40 6 40 -5 -56 -3 70 -37
-39 44 -48 76 26 -8 8 103 -14 3 -41 3 37 -7 -61 0 72 -41
-40 48 -55 75 23 -12 10 103 -20 4 -43 0 36 -5 -66 -1 70 -44
-39 49 -58 76 19 -14 11 102 -24 -2 -43 -7 34 -4 -72 3 71 -48
-40 51 -61 76 18 -20 14 100 -28 -1 -43 -10 32 -1 -74 7 70 -54
-39 54 -61 76 17 -21 14 100 -27 -3 -44 -13 33 -2 -76 2 69 -54
-38 51 -64 75 19 -23 15 101 -33 -2 -41 -12 32 -2 -76 5 69 -56
-38 50 -67 72 21 -25 11 98 -35 1 -42 -15 34 0 -79 5 70 -61
-37 50 -71 72 23 -28 11 99 -37 0 -42 -17 35 1 -83 2 66 -64
-37 50 -70 74 21 -28 13 97 -38 1 -41 -20 34 2 -86 2 66 -66
-32 52 -78 71 23 -32 13 95 -41 1 -42 -23 34 5 -88 5 66 -68
-31 52 -80 68 17 -38 15 93 -47 -2 -37 -29 32 7 -90 6 64 -69
-32 55 -84 68 14 -39 20 91 -46 -7 -35 -33 29 8 -95 9 59 -77
-27 57 -84 66 12 -42 21 89 -51 -7 -35 -34 25 10 -98 9 60 -80
-28 56 -90 67 15 -43 19 88 -52 -7 -35 -36 25 11 -97 10 57 -80
-27 56 -89 64 14 -46 17 88 -55 -9 -33 -36 26 15 -99 9 56 -84
-26 54 -91 62 16 -48 17 86 -55 -3 -31 -41 31 16 -101 4 55 -83
-23 55 -91 59 16 -49 15 83 -57 -3 -30 -42 33 18 -104 4 52 -84
-22 52 -93 60 18 -52 13 81 -58 0 -29 -43 35 19 -106 3 51 -87
-18 43 -95 56 27 -54 6 76 -62 4 -25 -47 40 21 -105 -2 48 -89
-16 42 -97 52 31 -59 1 75 -65 12 -22 -50 47 28 -108 -6 47 -91
-14 39 -98 47 29 -59 0 71 -61 13 -19 -51 48 30 -108 -12 41 -93
-10 33 -100 46 35 -59 -4 68 -63 19 -17 -51 52 34 -109 -14 37 -93
2 28 -103 37 41 -64 -6 62 -65 18 -14 -51 54 39 -108 -19 34 -93
5 26 -102 33 43 -63 -12 52 -65 25 -2 -55 60 49 -110 -21 29 -93
9 26 -104 29 46 -64 -15 50 -63 27 1 -57 61 53 -109 -27 18 -95
16 20 -102 21 47 -65 -17 44 -61 28 8 -57 65 59 -107 -27 13 -96
25 18 -100 12 51 -63 -18 39 -61 32 14 -57 62 64 -106 -29 7 -94
31 15 -94 4 55 -60 -21 24 -54 39 28 -51 65 70 -102 -30 1 -89
40 14 -89 -3 54 -53 -23 17 -48 38 38 -45 69 85 -92 -34 -14 -79
46 11 -84 -7 60 -48 -25 14 -41 39 43 -41 72 85 -86 -37 -20 -73
51 5 -76 -13 62 -38 -28 11 -37 45 45 -36 72 87 -80 -38 -20 -69
55 5 -67 -17 63 -33 -29 7 -26 43 50 -25 74 90 -75 -38 -23 -64
54 4 -60 -16 64 -25 -32 7 -18 44 52 -19 77 89 -56 -42 -24 -50
53 1 -53 -16 67 -16 -34 8 -8 45 52 -10 78 87 -50 -42 -25 -40
52 1 -35 -17 65 -9 -34 10 -1 45 55 -3 79 85 -41 -42 -24 -33
50 0 -29 -11 67 6 -31 15 15 44 53 15 78 81 -33 -42 -20 -25
48 2 -23 -11 63 12 -28 19 20 42 48 22 72 76 -19 -39 -16 -10
46 4 -15 -8 58 19 -28 22 26 39 47 31 71 72 -13 -35 -13 -3
36 12 -5 -5 61 24 -25 24 32 36 45 34 66 67 -9 -37 -8 1
33 13 -2 3 54 31 -19 33 38 33 41 38 65 63 -8 -32 -7 5
31 16 1 6 51 38 -18 38 42 29 35 44 61 52 -3 -29 -2 7
25 17 6 12 46 38 -12 42 43 26 28 50 56 48 1 -23 7 12
20 22 6 16 43 44 -9 49 47 21 25 52 51 41 2 -18 13 19
13 29 8 27 38 44 -6 56 46 16 18 52 52 38 -1 -14 17 16
8 27 6 29 38 43 -4 62 44 15 12 52 49 28 -1 -13 21 16
2 28 5 37 37 41 -4 67 42 13 3 53 47 26 -3 -13 30 14
-2 28 5 42 38 42 -3 72 41 12 -1 50 47 19 -7 -12 36 10
-12 33 -1 50 36 38 -1 77 39 15 -5 49 47 16 -8 -14 39 8
-17 31 -6 52 35 36 -2 86 33 13 -13 46 46 5 -18 -11 45 7
-22 34 -7 57 34 29 -5 89 24 13 -18 41 48 6 -22 -11 52 -1
-24 31 -12 62 34 28 -4 91 21 17 -23 39 46 2 -28 -14 57 -6
-32 34 -20 70 36 18 -2 94 18 15 -26 32 46 0 -33 -12 60 -13
-34 33 -24 69 36 16 -2 101 7 12 -33 23 47 -4 -36 -11 63 -15
-36 33 -33 74 33 8 -1 101 -1 16 -37 18 48 -5 -49 -13 68 -29
-36 32 -38 74 34 1 -2 102 -6 15 -38 13 49 -5 -54 -12 66 -34
-39 34 -49 74 34 -3 -1 102 -11 14 -40 7 50 -3 -61 -12 69 -39
-37 34 -56 74 34 -16 -4 102 -24 14 -41 -5 49 -5 -64 -14 68 -47
-38 33 -61 73 35 -22 -5 100 -28 18 -41 -12 53 0 -77 -17 66 -58
-36 31 -65 71 38 -25 -7 95 -33 18 -38 -16 53 1 -83 -19 63 -63
-30 30 -75 70 41 -30 -7 95 -39 19 -37 -22 55 6 -82 -19 61 -67
-29 25 -78 64 44 -41 -12 86 -46 20 -34 -23 57 12 -88 -19 58 -71
-26 25 -82 61 46 -42 -12 85 -47 24 -31 -32 59 16 -93 -21 53 -76
-22 26 -85 59 45 -44 -11 81 -50 25 -29 -34 57 18 -97 -22 53 -78
-24 28 -87 59 47 -47 -11 83 -51 24 -30 -36 57 18 -98 -20 53 -79
-21 27 -88 56 42 -47 -9 81 -54 24 -28 -39 57 19 -98 -22 52 -80
-18 25 -90 54 45 -49 -11 79 -55 24 -23 -40 58 24 -100 -21 48 -83
-17 24 -91 54 45 -51 -12 75 -55 28 -24 -42 59 23 -101 -21 44 -87
-15 26 -90 52 45 -52 -12 73 -55 27 -24 -42 59 28 -101 -25 45 -84
-12 20 -94 45 48 -54 -15 72 -55 28 -19 -42 64 29 -100 -26 41 -87
-9 19 -94 44 51 -55 -19 63 -58 34 -13 -46 67 36 -102 -26 37 -87
-4 19 -95 40 49 -57 -22 61 -58 30 -8 -49 66 40 -104 -30 29 -89
2 17 -95 35 54 -59 -21 55 -58 34 -4 -51 70 46 -103 -31 22 -89
11 13 -96 23 57 -60 -23 50 -58 37 4 -50 69 52 -104 -33 16 -89
20 13 -97 19 57 -58 -24 38 -57 35 16 -51 71 59 -103 -35 13 -90
27 15 -95 10 57 -60 -24 32 -56 36 24 -52 69 70 -99 -34 0 -88
31 17 -96 5 55 -58 -23 26 -54 36 28 -51 69 77 -97 -31 -8 -87
43 17 -93 -6 52 -57 -22 20 -51 35 32 -52 65 81 -95 -31 -14 -86
47 16 -88 -10 50 -51 -20 10 -45 32 45 -47 65 86 -94 -29 -20 -83
55 19 -83 -16 50 -46 -19 4 -40 31 50 -41 62 94 -84 -27 -28 -72
58 19 -78 -23 51 -43 -16 2 -33 33 54 -39 60 99 -77 -25 -33 -69
66 19 -65 -25 50 -37 -16 -3 -29 31 58 -34 62 104 -70 -27 -35 -61
68 19 -59 -30 50 -24 -15 -6 -13 30 66 -21 62 103 -61 -26 -39 -53
70 18 -55 -32 49 -17 -15 -8 -8 29 68 -13 60 102 -48 -26 -39 -40
69 18 -44 -30 50 -8 -15 -5 1 26 69 -1 61 97 -38 -27 -37 -28
64 17 -24 -29 49 4 -14 0 12 27 67 9 60 95 -29 -23 -37 -18
59 20 -17 -23 48 18 -12 7 28 25 65 18 59 90 -19 -23 -32 -9
52 19 -10 -15 48 28 -16 16 35 27 52 36 62 74 -9 -27 -19 4
43 20 -2 -6 49 33 -15 26 39 26 43 39 60 63 -4 -25 -8 8
36 20 1 3 46 39 -13 35 41 26 38 46 55 53 0 -24 1 14
17 21 7 18 47 40 -11 51 43 24 30 51 56 47 1 -24 10 14
11 21 7 28 45 42 -13 57 43 22 13 51 54 32 -5 -21 17 14
5 21 6 31 46 38 -13 62 41 22 11 50 56 28 -5 -23 27 13
2 22 5 34 42 39 -13 67 41 19 6 52 49 25 -4 -18 31 11
-3 28 4 40 39 43 -7 67 40 18 4 51 50 23 -6 -14 34 12
-3 37 5 42 27 44 4 73 42 4 -1 53 34 18 -6 -12 35 12
-6 49 4 44 17 43 17 76 43 -7 -2 51 24 15 -8 8 40 11
-7 58 3 44 10 43 24 73 41 -16 -1 51 17 15 -9 18 38 10
-2 75 -1 39 -4 40 32 74 38 -23 -1 47 8 20 -8 26 37 11
-1 79 -3 34 -11 41 44 68 35 -33 6 44 4 20 -11 30 32 7
5 84 -5 31 -15 40 46 64 34 -39 12 40 -4 28 -16 39 23 4
9 84 -6 30 -15 40 47 60 36 -36 13 40 -4 31 -14 40 21 5
10 83 -4 29 -16 40 45 57 35 -38 11 42 -4 32 -14 38 21 5
-1 14 1 41 55 38 -25 79 41 36 -1 47 72 21 -16 -39 31 -3
-1 14 0 42 55 39 -24 79 40 37 -1 48 69 24 -16 -36 29 -5
20 15 5 38 51 40 -17 76 45 30 1 52 64 24 -10 -32 29 3
47 0 -21 -11 69 8 -37 20 12 33 32 45 68 53 -8 -39 3 4
43 -6 -47 -5 77 -13 -40 20 -8 56 39 -7 87 76 -52 -52 -13 -26
36 -9 -45 3 79 -14 -44 30 -9 58 31 -4 90 67 -53 -55 -4 -43
25 -12 -49 14 79 -19 -44 38 -15 61 20 -9 90 56 -57 -56 9 -46
-3 -6 -57 38 73 -24 -41 63 -22 57 8 -9 90 42 -66 -54 25 -49
-9 -3 -62 46 70 -27 -38 70 -27 51 -13 -15 84 27 -75 -51 34 -53
-13 1 -63 47 66 -31 -35 74 -32 46 -13 -17 79 23 -80 -43 43 -62
-14 2 -70 51 63 -34 -30 75 -36 42 -20 -23 75 22 -83 -39 45 -67
-18 19 -84 54 50 -48 -23 77 -42 36 -21 -28 68 22 -89 -32 49 -74
-18 26 -91 55 43 -51 -8 76 -59 24 -22 -44 62 26 -99 -23 47 -80
-15 32 -95 51 35 -55 -4 74 -61 15 -20 -50 50 27 -107 -13 44 -89
-16 39 -96 50 33 -58 2 74 -64 12 -20 -50 44 29 -108 -8 43 -92



































-15 43 -101 49 25 -59 4 73 -62 8 -19 -49 42 30 -111 -6 43 -94
-13 49 -100 48 23 -60 9 71 -65 4 -19 -52 40 31 -110 0 42 -95
-15 50 -101 50 19 -58 12 71 -64 -1 -21 -52 34 30 -111 4 44 -94
-16 50 -101 51 20 -58 12 75 -63 -1 -22 -50 33 31 -110 2 43 -92
-16 53 -99 52 18 -58 14 74 -61 -1 -21 -50 32 27 -108 6 45 -92
-18 52 -100 56 16 -55 16 76 -59 -5 -23 -48 31 26 -109 5 46 -93
-22 55 -97 58 16 -51 17 81 -56 -6 -27 -41 29 20 -103 7 52 -85
-23 55 -91 61 14 -48 18 85 -55 -5 -31 -39 29 14 -100 9 55 -79
-34 57 -78 65 16 -42 18 90 -49 -8 -37 -30 28 9 -94 9 62 -72
-37 56 -74 72 13 -30 17 96 -38 -6 -39 -26 27 5 -89 9 64 -69
-37 55 -66 75 17 -23 16 100 -31 -4 -41 -10 30 0 -75 11 66 -61
-37 55 -61 77 14 -17 18 101 -24 -4 -44 -6 29 -7 -71 6 71 -48
-42 55 -54 75 17 -10 15 102 -20 -4 -41 3 33 -7 -62 7 71 -40
-38 52 -36 74 19 6 13 104 -2 -2 -41 9 32 -8 -53 4 70 -31
-36 51 -31 73 21 10 12 101 2 -4 -36 22 33 -7 -40 4 68 -27
-33 48 -22 70 22 18 11 99 14 -2 -31 32 33 -3 -33 1 59 -9
-27 44 -13 62 24 29 9 92 24 3 -20 40 36 4 -23 -1 53 0
-12 43 2 47 26 41 6 85 35 3 -11 47 36 11 -13 -3 45 9
-2 41 6 37 27 44 5 65 45 4 6 53 38 26 -1 -3 37 14
9 39 9 30 31 46 2 59 47 9 15 54 41 33 4 -7 18 18
17 33 8 20 35 47 -2 49 48 14 23 53 47 41 2 -12 11 17
30 24 6 7 44 42 -6 43 46 18 30 50 49 50 1 -16 5 17
33 22 3 5 50 36 -13 34 42 26 38 44 52 53 -1 -21 1 13
36 18 -1 -1 49 35 -15 29 37 30 42 39 62 64 -6 -27 -10 4
40 15 -3 -1 52 32 -20 28 37 30 42 35 65 65 -10 -32 -11 0
37 4 -12 -3 60 27 -25 27 29 39 39 34 69 65 -13 -35 -12 -2
35 -1 -18 1 67 14 -34 29 22 46 37 25 75 66 -19 -44 -6 -7
33 -2 -20 1 69 12 -35 32 18 50 35 20 82 64 -26 -49 -5 -18
31 -5 -21 4 72 9 -38 31 14 53 33 17 84 61 -29 -50 -3 -17
29 -7 -28 6 72 5 -40 34 12 53 31 17 85 60 -33 -52 0 -20
25 -10 -30 11 76 0 -45 37 4 56 27 15 86 58 -39 -51 3 -23
23 -10 -35 17 77 -4 -45 42 1 57 18 7 89 52 -42 -57 10 -32
17 -11 -36 19 78 -4 -44 47 0 57 15 7 89 50 -42 -56 15 -32
13 -11 -38 22 77 -4 -45 48 -3 58 14 5 90 46 -48 -56 16 -34
8 -10 -41 32 79 -8 -44 57 -6 56 9 5 91 43 -50 -56 22 -36
3 -10 -45 32 76 -11 -43 58 -11 56 1 2 88 35 -54 -55 23 -39
-3 -9 -44 40 74 -11 -42 65 -9 52 -7 3 85 29 -55 -51 35 -40
-9 -3 -44 47 73 -11 -40 72 -12 49 -10 3 85 24 -57 -48 40 -41
-19 2 -48 55 65 -12 -34 78 -12 48 -16 1 80 17 -59 -46 45 -42
-23 5 -49 60 62 -13 -28 88 -16 42 -26 -3 73 10 -65 -42 48 -45
-26 11 -51 63 58 -14 -25 87 -20 37 -30 -3 71 9 -66 -33 58 -50
-32 15 -57 67 52 -21 -21 91 -24 32 -32 -9 65 6 -71 -31 59 -54
-35 28 -66 69 42 -27 -14 94 -29 25 -37 -11 61 3 -75 -23 63 -57
-34 27 -70 70 38 -31 -5 95 -40 18 -39 -19 56 5 -80 -19 63 -63
-33 34 -74 69 37 -33 -4 93 -40 14 -37 -25 48 8 -88 -15 61 -69
-31 37 -81 67 31 -38 1 92 -47 11 -35 -30 45 10 -93 -8 60 -74
-22 46 -91 60 24 -50 6 89 -53 8 -31 -35 41 13 -99 -6 55 -83
-18 51 -97 56 20 -56 13 77 -61 -2 -25 -48 36 21 -104 2 51 -87
-17 51 -100 52 18 -58 14 73 -64 -2 -20 -53 31 27 -111 4 44 -94
-12 55 -101 47 14 -59 18 67 -66 -6 -16 -54 26 36 -113 10 38 -96
-2 62 -106 43 10 -61 24 63 -66 -10 -11 -58 23 40 -113 14 31 -99
-1 66 -106 36 3 -63 28 56 -66 -15 -4 -60 19 44 -115 16 28 -98
8 68 -110 31 2 -65 32 51 -66 -17 1 -60 15 53 -112 23 20 -97
9 69 -106 29 2 -62 29 49 -66 -19 2 -61 15 52 -114 23 19 -99
9 72 -108 29 -1 -61 32 49 -64 -18 2 -59 16 52 -112 25 21 -98
4 71 -107 34 0 -61 31 58 -64 -19 -1 -60 13 50 -110 24 24 -99
-5 70 -105 43 0 -58 31 63 -63 -18 -12 -55 14 38 -110 23 35 -94
-9 71 -102 47 2 -57 30 69 -63 -18 -19 -51 15 32 -106 20 43 -90
-17 67 -97 53 2 -51 30 78 -55 -16 -24 -44 16 21 -104 17 48 -85
-27 68 -85 67 6 -39 27 90 -45 -17 -30 -38 16 14 -98 19 57 -78
-32 64 -74 72 9 -30 26 95 -38 -12 -39 -21 21 4 -86 17 59 -71
-36 64 -70 73 5 -22 29 97 -31 -16 -41 -17 19 0 -79 19 66 -58
-36 65 -64 72 5 -19 30 98 -28 -15 -42 -11 17 0 -76 21 66 -52
-38 71 -52 72 1 -7 30 97 -22 -18 -41 -5 14 -3 -68 22 66 -46
-36 70 -44 71 -1 2 35 98 -7 -21 -37 8 10 -3 -52 21 66 -40
-35 75 -39 69 -3 9 36 95 -2 -26 -33 16 9 -1 -45 28 61 -27
-31 73 -32 67 -5 15 38 94 9 -26 -29 22 9 -1 -39 29 58 -19
-19 74 -14 57 -3 30 37 92 14 -29 -24 29 8 3 -31 29 52 -10
-13 71 -6 48 0 37 34 78 36 -22 -6 44 10 7 -19 26 48 -1
-4 67 2 39 1 43 30 70 41 -19 5 48 14 21 -5 20 33 13
3 64 4 31 4 50 25 62 45 -17 11 50 18 30 0 16 22 18
24 51 10 22 10 49 20 53 47 -10 21 52 24 38 4 14 12 18
31 44 8 4 22 49 9 38 49 6 38 50 30 48 4 5 5 20
37 39 8 -1 31 43 1 31 47 10 43 47 44 61 -1 -10 -7 16
38 33 3 -2 34 41 -3 29 45 14 45 46 48 64 0 -12 -11 12
47 22 -3 -6 40 36 -6 23 41 18 50 43 51 69 -5 -18 -17 8
49 18 -8 -13 51 26 -17 19 32 26 52 35 57 72 -10 -23 -18 0
47 12 -12 -14 56 22 -23 16 24 36 52 27 66 75 -18 -34 -20 -10
47 10 -18 -11 60 18 -26 18 21 40 54 21 72 77 -21 -37 -17 -13
45 -1 -27 -9 64 12 -30 18 18 43 47 17 76 78 -27 -43 -18 -16
41 -3 -31 -4 73 1 -39 25 8 47 44 14 82 72 -30 -45 -13 -23
35 -7 -34 1 75 -5 -41 29 3 57 33 4 89 66 -44 -50 -7 -29
29 -10 -40 10 76 -9 -46 37 -3 58 24 0 91 59 -50 -55 4 -39
21 -10 -46 17 77 -15 -46 43 -11 58 19 -4 90 53 -55 -57 11 -44
6 -10 -56 30 76 -26 -43 54 -21 57 13 -9 92 47 -62 -56 18 -49
-2 -6 -62 37 74 -28 -40 61 -27 53 -5 -14 84 32 -77 -53 26 -52
-10 2 -69 49 67 -32 -33 71 -36 45 -18 -21 78 25 -82 -42 44 -66
-17 8 -75 53 58 -38 -26 76 -42 38 -23 -26 70 22 -87 -36 48 -72
-18 18 -83 57 52 -45 -23 77 -44 35 -23 -30 67 22 -91 -33 46 -78
-20 20 -85 56 48 -47 -15 77 -53 31 -24 -35 63 22 -95 -28 48 -80