-22 28 -86 58 44 -48 -11 82 -53 22 -28 -38 57 21 -97 -21 50 -80
-24 25 -82 60 43 -42 -11 82 -51 25 -28 -33 58 18 -97 -22 54 -78
-27 21 -79 60 47 -38 -15 85 -43 26 -31 -25 58 15 -94 -24 52 -75
-28 19 -70 64 50 -31 -18 86 -36 32 -32 -21 65 9 -81 -30 57 -62
-30 16 -63 65 53 -21 -20 90 -28 32 -31 -10 67 7 -71 -31 58 -51
-26 13 -42 63 55 -2 -23 91 -19 34 -32 2 69 4 -64 -34 58 -43
-26 13 -34 60 56 3 -23 87 -2 36 -24 18 66 3 -51 -34 59 -31
-23 9 -27 59 56 9 -23 87 4 37 -23 22 69 8 -40 -33 52 -22
-21 11 -23 57 57 14 -24 84 7 35 -17 25 69 12 -34 -32 49 -14
-13 9 -15 53 56 16 -24 81 16 36 -15 29 67 10 -32 -34 46 -12
-8 10 -12 46 57 22 -24 74 25 36 -7 35 69 17 -26 -36 40 -6
-4 11 -7 40 59 24 -26 71 29 37 3 37 70 24 -19 -34 30 -1
2 9 -5 34 59 28 -28 64 28 37 8 39 71 31 -16 -38 22 0
12 4 -4 28 59 30 -28 58 31 37 11 39 70 34 -14 -37 19 0
18 6 -6 19 62 27 -26 49 32 37 18 38 73 39 -12 -39 14 0
20 3 -6 18 63 25 -30 45 31 40 25 36 72 49 -13 -42 6 -2
22 2 -7 13 65 26 -29 42 30 40 28 35 75 51 -15 -41 4 -3
26 2 -10 11 63 25 -31 40 28 43 32 33 75 53 -16 -42 2 -5
28 1 -14 5 69 18 -34 34 23 45 34 31 77 58 -17 -45 -1 -6
33 -2 -17 4 69 16 -35 32 18 49 35 23 79 62 -24 -44 -3 -11
32 -4 -21 4 70 12 -38 33 17 50 32 19 83 60 -27 -47 -3 -18
30 -4 -26 4 71 8 -39 32 13 53 33 14 83 62 -33 -51 -1 -22
30 -7 -27 6 72 3 -41 32 10 54 30 13 85 61 -34 -53 -1 -24
27 -6 -30 9 76 2 -41 37 6 54 28 11 88 59 -36 -53 -1 -24
24 -11 -33 11 77 1 -44 37 8 55 25 9 88 57 -40 -53 3 -27
25 -8 -33 11 75 -3 -44 38 3 58 23 8 89 55 -42 -54 5 -29
25 -9 -35 13 75 -4 -44 41 1 57 22 7 90 55 -44 -56 8 -31
21 -10 -37 15 77 -6 -45 43 0 57 21 5 89 55 -42 -56 6 -31
21 -11 -38 16 79 -8 -46 42 -4 60 20 6 90 53 -47 -54 10 -36
21 -12 -42 18 77 -10 -45 42 -7 57 17 1 88 52 -51 -55 11 -38
17 -10 -47 20 78 -13 -45 46 -9 58 15 -1 90 51 -54 -56 14 -44
17 -10 -53 20 80 -19 -44 48 -17 58 14 -8 91 50 -57 -55 12 -46
11 -12 -55 22 79 -22 -44 46 -19 58 9 -9 89 50 -62 -57 15 -51
14 -9 -54 25 75 -22 -45 48 -20 57 9 -11 89 46 -66 -55 17 -53
3 -7 -60 25 77 -25 -43 50 -21 57 8 -13 92 43 -68 -56 19 -54
0 -6 -63 36 72 -27 -42 61 -26 55 0 -14 89 38 -70 -53 27 -56
-8 -2 -67 41 71 -31 -38 65 -31 50 -6 -18 84 29 -77 -46 35 -63
-8 2 -69 45 68 -34 -34 70 -36 49 -12 -21 81 29 -82 -46 39 -65
-11 10 -80 47 66 -38 -30 71 -40 46 -17 -26 76 25 -86 -42 40 -72
-15 15 -86 48 54 -49 -23 72 -51 40 -17 -32 71 26 -91 -35 42 -76
-11 19 -90 46 51 -53 -16 68 -58 31 -16 -44 64 34 -103 -31 40 -83
-6 20 -95 42 45 -58 -16 63 -61 27 -11 -51 62 38 -105 -26 33 -93
-1 24 -98 37 46 -63 -14 56 -61 25 -5 -53 60 44 -107 -25 27 -96
15 26 -103 23 43 -63 -13 50 -64 24 3 -55 60 53 -108 -23 18 -97
22 26 -103 12 43 -66 -11 32 -64 23 19 -58 53 72 -106 -22 11 -98
33 27 -103 4 41 -63 -9 23 -63 23 29 -59 53 78 -105 -16 -11 -94
40 28 -99 -5 39 -61 -7 14 -57 21 36 -56 51 88 -101 -15 -19 -91
59 35 -88 -23 33 -47 -5 7 -50 17 47 -52 48 95 -94 -10 -27 -81
67 34 -80 -30 34 -39 -3 -7 -32 12 65 -35 43 102 -83 -9 -35 -74
74 35 -69 -34 32 -29 2 -11 -19 12 71 -23 43 107 -61 -7 -45 -53
74 33 -58 -37 35 -18 -1 -12 -7 12 70 -14 43 107 -52 -10 -43 -42
73 31 -41 -35 38 -3 0 -12 0 15 73 -6 47 104 -42 -13 -43 -34
71 31 -31 -34 36 5 -6 -7 13 15 71 7 47 102 -35 -14 -43 -26
69 29 -26 -32 39 11 -6 -2 19 15 67 14 48 95 -24 -15 -39 -11
63 29 -20 -27 39 20 -5 3 26 15 66 20 48 88 -18 -15 -32 -9
56 26 -10 -24 41 23 -6 6 29 18 65 27 51 86 -13 -14 -30 -4
50 25 -8 -16 40 30 -8 14 35 19 57 33 52 79 -9 -16 -26 0
51 25 -6 -13 42 31 -8 19 38 21 54 37 54 72 -4 -17 -20 6
46 25 1 -9 44 33 -10 23 40 23 48 39 55 68 -3 -21 -13 8
36 19 1 -3 47 34 -13 29 38 27 44 40 57 62 -3 -24 -10 9
27 15 3 10 51 36 -17 41 39 25 38 43 60 56 -2 -26 -3 10
23 17 3 14 50 36 -18 43 42 27 27 44 59 47 -4 -25 1 11
20 16 2 19 53 36 -18 50 40 29 22 44 61 42 -4 -28 14 11
12 14 3 26 52 36 -18 55 39 29 16 47 62 38 -7 -29 20 7
4 12 -2 35 54 34 -22 66 34 30 10 44 63 33 -10 -30 23 7
-2 10 -5 38 55 32 -23 68 30 34 2 41 69 24 -18 -30 30 3
-4 11 -8 41 56 28 -23 72 28 34 -1 36 68 23 -20 -34 37 -2
-9 9 -10 45 55 24 -23 75 23 36 -8 35 68 19 -25 -32 39 -9
-13 10 -18 52 61 14 -25 77 22 40 -9 30 70 15 -27 -36 40 -13
-18 9 -24 52 60 9 -29 83 4 40 -16 20 72 12 -40 -36 45 -19
-20 8 -32 56 62 2 -28 83 0 41 -22 14 70 15 -48 -38 51 -31
-24 7 -39 59 61 -4 -27 86 -8 41 -24 11 71 8 -56 -36 54 -37
-28 9 -52 61 57 -17 -27 87 -12 36 -27 5 69 8 -59 -34 53 -42
-29 14 -57 66 53 -23 -22 92 -27 33 -30 -8 70 7 -67 -35 56 -50
-27 16 -66 62 51 -28 -21 85 -34 35 -30 -16 67 11 -81 -31 54 -62
-25 18 -72 60 49 -35 -20 85 -39 30 -30 -26 66 14 -86 -29 54 -69
-22 21 -83 61 52 -42 -17 82 -45 31 -27 -32 62 16 -92 -28 51 -75
-16 24 -88 53 46 -48 -14 74 -55 26 -22 -40 61 22 -95 -25 47 -80
-15 22 -92 48 44 -53 -13 70 -58 26 -20 -44 61 30 -103 -24 40 -87
-11 25 -95 46 44 -55 -11 68 -59 24 -16 -47 58 34 -106 -22 36 -90
-2 28 -98 43 44 -61 -12 65 -61 23 -12 -51 55 37 -106 -21 33 -92
2 31 -102 34 38 -64 -8 55 -67 21 -11 -53 58 43 -109 -18 32 -94
4 30 -106 34 37 -65 -5 54 -65 16 -1 -58 50 51 -111 -14 22 -101
10 34 -104 29 34 -67 0 49 -68 14 1 -62 47 54 -114 -12 21 -101
12 38 -108 27 30 -67 0 47 -68 11 3 -60 45 57 -114 -8 16 -101
17 42 -109 21 29 -67 4 38 -68 10 7 -65 43 59 -114 -6 15 -102
20 44 -109 16 25 -68 6 37 -69 7 11 -63 38 65 -114 -4 12 -101
21 46 -108 16 26 -69 7 35 -69 5 16 -65 38 65 -116 -3 8 -101
25 46 -108 15 25 -68 8 34 -69 4 16 -65 36 67 -112 -2 5 -101
30 46 -108 8 24 -66 11 33 -67 6 16 -63 38 70 -113 0 1 -101
32 46 -106 7 25 -67 7 28 -65 6 23 -66 38 74 -112 -2 1 -102
31 43 -107 5 26 -65 8 25 -67 6 24 -64 39 75 -110 -3 -5 -99
36 45 -106 4 26 -66 8 24 -65 6 26 -64 39 80 -109 -2 -6 -98
38 43 -104 0 26 -66 8 20 -63 6 30 -61 38 80 -111 -3 -7 -98
40 45 -104 -3 25 -64 7 18 -64 5 32 -64 39 81 -109 -5 -11 -98
42 44 -104 -4 27 -65 6 17 -62 6 35 -63 39 85 -106 -5 -13 -95
43 42 -105 -5 29 -63 5 14 -57 7 36 -63 40 85 -105 -4 -16 -92
47 44 -102 -9 24 -63 7 14 -58 5 38 -61 39 89 -103 -2 -15 -91
47 45 -101 -9 24 -60 7 10 -58 7 41 -58 38 89 -102 -2 -19 -91
50 42 -99 -13 25 -60 5 9 -57 9 42 -57 42 92 -100 -5 -22 -90
52 41 -99 -13 28 -57 2 5 -52 10 42 -56 41 93 -97 -8 -24 -87
54 39 -93 -16 29 -58 0 6 -53 15 47 -55 44 95 -97 -8 -25 -85
58 34 -90 -18 35 -51 -4 -1 -42 18 53 -49 45 96 -92 -8 -26 -81
62 32 -84 -24 39 -45 -4 -3 -39 20 56 -43 50 102 -81 -15 -31 -75
64 27 -78 -27 40 -38 -7 -5 -30 20 59 -36 52 104 -74 -18 -36 -66
68 20 -63 -28 44 -32 -12 -7 -22 23 64 -27 57 103 -65 -23 -37 -56
69 20 -56 -32 48 -19 -15 -8 -10 26 67 -18 56 102 -58 -25 -39 -49
70 19 -52 -30 47 -15 -14 -6 -3 27 66 -7 61 101 -46 -26 -38 -39
68 20 -44 -30 47 -8 -14 -7 1 27 67 -2 61 98 -40 -25 -37 -34
67 18 -38 -30 48 -5 -14 -2 5 28 66 2 60 96 -38 -26 -37 -29
65 16 -30 -25 51 5 -19 1 14 27 64 3 62 94 -34 -25 -33 -23
61 13 -24 -23 51 10 -19 7 18 31 62 18 65 87 -23 -29 -30 -19
55 14 -20 -19 52 12 -19 8 25 32 58 20 65 82 -19 -32 -23 -10
52 13 -17 -14 56 20 -21 15 25 35 54 26 66 79 -17 -31 -21 -6
47 12 -12 -8 57 24 -24 18 29 32 51 29 67 73 -13 -33 -17 -3
43 11 -8 -5 57 27 -21 23 35 33 45 33 67 67 -9 -32 -15 0
37 12 -5 -2 56 28 -21 29 33 33 40 37 65 62 -7 -31 -7 3
32 10 -3 2 57 32 -20 35 37 33 37 39 65 57 -8 -32 -4 6
29 13 -2 10 53 34 -21 36 37 32 35 40 64 56 -6 -31 1 6
27 13 -1 10 55 35 -20 41 38 32 32 41 64 52 -6 -30 2 7
29 16 1 5 51 36 -17 39 39 29 35 43 62 57 -5 -28 -3 9
32 18 2 5 52 34 -17 35 38 29 39 41 58 59 -4 -28 -4 7
37 14 -3 2 52 32 -19 33 37 31 42 40 63 61 -6 -29 -5 3
38 12 -4 -3 56 27 -20 27 34 36 42 35 64 65 -8 -34 -10 2
40 12 -8 -4 59 24 -25 28 29 38 46 32 70 67 -15 -38 -11 -3
41 6 -12 -6 63 22 -25 23 28 40 45 29 72 72 -16 -39 -14 -9
40 1 -22 -4 64 18 -29 24 23 41 45 25 75 72 -22 -40 -14 -10
42 -2 -25 -5 66 8 -37 21 17 44 43 19 76 72 -25 -42 -12 -14
41 -3 -28 -4 70 4 -36 22 8 50 43 13 81 73 -35 -48 -11 -26
39 -7 -34 -2 73 -2 -39 26 4 53 36 8 87 70 -39 -51 -7 -28
34 -9 -42 1 74 -4 -40 27 1 56 34 3 87 69 -43 -52 -8 -35
26 -11 -47 11 77 -14 -44 35 -11 57 30 0 90 66 -50 -56 1 -39
26 -10 -53 14 80 -21 -45 37 -17 60 22 -12 88 61 -62 -56 3 -45
21 -10 -61 15 78 -30 -43 40 -25 57 20 -18 88 61 -70 -53 6 -60
22 -6 -64 15 76 -33 -42 39 -30 55 18 -23 86 62 -77 -52 7 -66
18 -2 -78 18 67 -46 -36 42 -44 51 18 -29 84 60 -81 -48 8 -71
21 3 -85 17 64 -51 -32 38 -51 44 17 -43 76 62 -96 -44 6 -78
18 10 -92 18 57 -56 -27 41 -54 40 16 -48 73 62 -101 -37 7 -88
18 12 -95 19 55 -59 -25 40 -59 37 14 -53 68 62 -103 -30 8 -90
17 20 -101 18 46 -64 -18 38 -61 32 13 -56 64 62 -106 -26 9 -91
19 27 -103 18 43 -64 -11 38 -64 22 13 -62 52 66 -112 -22 7 -95
22 33 -106 15 37 -65 -6 35 -66 18 15 -63 49 66 -111 -12 3 -100
22 36 -105 15 35 -67 0 34 -65 10 17 -63 44 69 -113 -8 3 -98
30 43 -109 5 29 -69 3 33 -68 9 19 -64 41 72 -112 -4 1 -99
34 45 -108 5 23 -68 10 24 -63 2 28 -65 36 76 -110 0 -3 -99
38 51 -106 3 22 -63 11 21 -64 -2 29 -62 31 79 -107 4 -9 -96
40 52 -103 -4 18 -63 15 15 -63 -5 34 -63 27 84 -107 7 -12 -93
50 54 -100 -5 14 -62 19 14 -60 -4 37 -60 26 86 -102 9 -16 -92
53 53 -95 -15 14 -53 17 4 -50 -5 49 -56 27 93 -98 10 -22 -86
57 51 -93 -22 18 -52 16 0 -46 -2 53 -50 29 100 -91 8 -28 -81
62 48 -88 -24 20 -47 13 -3 -42 0 58 -44 30 101 -85 3 -31 -75
69 47 -81 -26 18 -44 10 -5 -36 0 61 -41 32 104 -79 4 -35 -72
70 45 -73 -33 26 -33 8 -11 -23 0 66 -37 34 106 -73 1 -39 -65
74 39 -63 -39 26 -21 8 -13 -15 2 72 -23 35 106 -58 -3 -44 -49
75 36 -55 -38 30 -16 5 -13 -7 7 72 -15 39 107 -50 -4 -43 -41
75 36 -45 -38 31 -7 2 -15 1 10 73 -7 41 106 -41 -6 -44 -32
73 34 -34 -35 33 3 1 -8 12 10 74 0 42 101 -36 -7 -43 -25
71 33 -24 -34 33 11 0 -5 20 11 71 13 43 96 -22 -8 -42 -17
64 33 -17 -30 34 19 -1 0 28 10 67 23 43 90 -15 -8 -35 -6
62 33 -9 -24 32 27 -1 5 33 11 64 29 42 83 -9 -8 -29 -1
44 30 0 -8 39 38 -4 15 38 13 57 36 47 75 -3 -12 -22 8
35 24 4 2 43 40 -11 34 43 23 37 46 56 56 0 -16 -10 12
26 20 4 11 49 36 -15 44 43 27 28 47 59 50 -5 -26 8 12
19 17 2 18 53 39 -18 51 40 29 23 47 63 42 -6 -28 12 9
6 10 -3 32 56 33 -22 54 38 33 14 44 65 34 -8 -30 22 6
-1 8 -6 36 60 28 -25 66 30 36 3 40 66 30 -14 -32 26 1
-4 7 -10 39 59 23 -28 70 22 39 -2 32 70 22 -23 -36 37 -11
-9 6 -19 47 64 16 -28 74 17 43 -8 28 72 18 -29 -40 40 -16
-17 4 -33 52 67 1 -32 76 7 42 -14 22 75 17 -37 -43 46 -24
-16 1 -42 53 66 -8 -35 78 -12 49 -15 3 78 18 -49 -45 43 -33
-13 -2 -49 49 67 -19 -35 75 -19 50 -15 -5 82 20 -66 -47 43 -50
-13 -3 -60 46 68 -25 -38 72 -28 49 -14 -12 81 26 -74 -45 40 -57
-4 -1 -74 47 68 -31 -36 67 -35 48 -11 -19 82 30 -80 -46 36 -63
-1 1 -79 37 65 -44 -31 58 -44 46 -5 -33 81 36 -86 -42 33 -71
1 6 -87 35 60 -50 -29 55 -51 41 1 -40 75 47 -97 -39 26 -82
6 10 -90 31 57 -56 -26 50 -56 37 2 -45 70 50 -102 -33 22 -88
11 19 -101 27 53 -59 -21 49 -62 33 2 -52 66 52 -106 -29 18 -92
12 27 -104 23 41 -65 -9 46 -65 27 3 -58 59 54 -109 -23 19 -95
15 34 -107 22 39 -67 -3 43 -68 14 8 -62 48 58 -113 -13 14 -101
18 42 -108 21 30 -68 4 40 -71 8 6 -65 41 61 -115 -6 13 -102
17 46 -109 22 23 -70 8 42 -71 3 6 -64 37 60 -116 0 12 -104
13 55 -111 26 16 -69 16 47 -70 1 7 -64 35 59 -115 2 17 -101
7 58 -110 31 12 -66 20 50 -69 -6 -1 -61 26 51 -114 6 19 -104
3 61 -110 35 8 -65 24 55 -69 -11 -4 -58 23 45 -113 14 28 -98
-1 65 -106 40 5 -59 28 62 -65 -14 -12 -55 19 39 -111 18 34 -97
-11 69 -100 48 2 -55 30 67 -63 -16 -15 -51 18 36 -112 19 39 -93
-15 69 -96 53 2 -50 33 78 -57 -17 -22 -46 16 22 -103 19 43 -91
-21 72 -91 59 3 -48 30 80 -53 -19 -28 -37 14 17 -98 20 54 -83
-23 69 -88 61 1 -41 30 84 -49 -20 -33 -36 14 15 -95 21 57 -77
-29 68 -78 67 2 -34 31 88 -46 -20 -34 -28 15 12 -93 22 58 -72
-30 69 -73 68 2 -27 30 96 -34 -18 -39 -17 16 7 -86 19 60 -69
-34 71 -67 70 -1 -23 33 96 -28 -20 -40 -15 14 -1 -78 23 64 -57
-33 72 -63 70 -3 -17 38 97 -26 -23 -38 -13 11 0 -75 27 65 -54
-29 81 -62 70 -7 -14 39 94 -24 -26 -37 -10 7 3 -72 29 61 -53
-23 85 -64 60 -16 -15 49 89 -23 -36 -27 -11 3 5 -71 36 57 -51
-19 90 -66 57 -21 -19 51 83 -26 -40 -21 -15 -10 16 -74 45 50 -56
-13 93 -68 51 -23 -21 55 77 -25 -46 -18 -16 -11 22 -75 47 45 -57
-8 96 -75 49 -25 -22 58 73 -27 -47 -15 -19 -13 24 -79 48 44 -57
-5 97 -74 43 -26 -26 60 67 -32 -49 -14 -21 -13 26 -79 51 38 -61
-2 98 -76 40 -28 -29 60 66 -34 -50 -8 -27 -17 37 -84 51 34 -65
1 97 -82 38 -27 -32 58 61 -38 -48 -6 -33 -14 37 -89 51 29 -72
-1 92 -90 37 -26 -37 57 59 -43 -45 -5 -37 -11 36 -92 45 30 -77
-2 90 -90 41 -18 -43 50 62 -51 -40 -8 -40 -8 36 -96 44 31 -78
-7 85 -92 44 -11 -49 47 68 -53 -32 -15 -42 1 30 -99 39 38 -81
-12 78 -93 50 -9 -47 39 74 -56 -25 -20 -43 9 27 -104 26 45 -85
-15 74 -95 54 -1 -50 34 75 -56 -21 -23 -46 14 24 -106 20 45 -87
-16 62 -97 52 7 -52 24 77 -60 -12 -22 -47 21 25 -105 14 47 -87
-16 55 -98 53 14 -54 17 77 -61 -5 -22 -47 30 24 -109 10 46 -91
-17 51 -99 52 21 -56 9 76 -62 2 -22 -48 38 26 -109 -3 45 -91
-16 49 -99 50 25 -58 6 75 -62 8 -22 -49 40 27 -109 -7 45 -91
-16 34 -98 49 34 -58 1 74 -62 11 -21 -49 49 29 -107 -10 45 -90
-12 31 -96 47 40 -57 -10 67 -61 21 -18 -48 59 34 -105 -15 39 -91
-7 23 -95 44 45 -56 -14 64 -58 26 -13 -50 61 36 -104 -24 36 -89
-5 19 -95 40 50 -55 -18 61 -59 33 -10 -48 65 39 -101 -30 29 -87
5 8 -90 27 58 -55 -24 55 -57 36 -5 -45 71 47 -100 -37 23 -85
14 6 -87 23 64 -50 -33 44 -50 48 11 -41 73 52 -97 -38 17 -83
19 0 -82 16 66 -45 -35 39 -42 49 20 -34 80 62 -86 -47 6 -74
26 -3 -72 9 73 -39 -38 31 -33 52 25 -27 84 68 -77 -51 -2 -64
39 -6 -62 2 73 -33 -40 27 -25 53 32 -23 84 72 -69 -49 -8 -60
45 -4 -54 -9 70 -23 -36 16 -14 51 43 -15 83 78 -63 -47 -13 -53
49 -2 -49 -15 65 -17 -33 12 -10 46 49 -12 76 83 -51 -43 -24 -43
52 2 -47 -16 65 -11 -33 9 -5 46 54 -6 75 85 -47 -41 -25 -37
55 6 -34 -18 65 -7 -30 7 0 41 57 0 73 89 -40 -37 -27 -32
59 10 -29 -24 53 5 -20 5 14 34 59 7 67 89 -32 -31 -29 -26
60 13 -24 -22 52 12 -15 5 20 28 63 14 58 91 -24 -26 -32 -15
60 20 -21 -25 46 15 -12 5 23 21 64 20 55 88 -20 -18 -30 -9
58 26 -13 -21 43 21 -8 8 30 18 65 25 52 83 -14 -15 -30 -4
51 27 -4 -17 38 29 -6 16 35 16 60 29 47 81 -12 -14 -27 -1
48 29 0 -13 40 32 -5 19 37 18 53 37 51 72 -6 -14 -21 2
44 28 -1 -7 41 33 -6 23 39 18 46 41 50 66 -5 -17 -14 8
41 26 1 -5 39 37 -5 27 40 19 46 41 51 64 -2 -17 -9 10
32 25 4 4 39 41 -7 30 42 18 41 44 52 61 -1 -18 -6 12
28 26 4 8 42 42 -8 39 43 19 33 46 50 51 1 -19 -2 14
25 24 7 11 44 41 -10 41 42 19 29 47 53 48 0 -21 5 13
21 25 7 16 43 40 -9 45 45 20 26 49 52 46 -1 -21 8 12
16 23 5 20 44 43 -11 49 42 20 22 49 50 41 0 -17 11 14
12 24 6 23 43 41 -8 54 43 21 18 50 53 41 -1 -19 16 14
9 26 6 32 40 42 -9 62 42 17 8 50 52 31 -5 -19 27 12
-3 25 1 39 42 38 -10 69 39 20 1 49 53 22 -12 -19 35 10
-11 25 -5 44 42 36 -9 75 34 21 -4 46 54 18 -16 -18 40 4
-22 24 -15 59 43 23 -12 89 17 24 -24 35 57 11 -20 -18 50 -1
-29 24 -25 66 41 13 -10 94 5 22 -29 23 54 -1 -43 -19 62 -24
-35 28 -34 73 39 5 -7 99 -2 18 -36 15 50 -4 -50 -14 68 -33
-39 41 -45 74 32 -1 -2 101 -7 10 -39 10 44 -7 -56 -7 68 -35
-40 48 -46 76 20 -6 14 104 -11 5 -40 6 38 -6 -57 0 70 -39
-38 54 -48 74 13 -5 20 100 -15 -9 -40 3 27 -2 -59 13 69 -39
-38 61 -49 74 7 -6 26 100 -14 -13 -39 3 21 -4 -62 18 68 -43
-35 73 -49 73 3 -7 29 101 -15 -19 -39 2 14 -2 -62 24 64 -41
-31 80 -46 65 -11 0 43 93 -8 -24 -34 1 7 1 -63 30 62 -41
-20 90 -41 57 -23 6 54 81 2 -45 -16 12 -10 14 -45 41 54 -31
-14 95 -37 48 -27 9 58 78 4 -47 -10 12 -13 20 -42 48 40 -26
-6 98 -35 44 -30 12 61 71 3 -51 -6 11 -16 25 -42 53 34 -22
7 102 -31 33 -32 15 64 59 12 -53 -3 15 -17 28 -39 54 28 -21
18 102 -29 18 -32 18 62 47 16 -55 21 15 -19 48 -34 55 17 -19
26 102 -28 9 -31 19 62 37 17 -52 31 17 -19 58 -33 51 -1 -16
40 98 -30 1 -28 17 61 30 19 -50 40 12 -17 67 -31 51 -10 -18
57 89 -32 -16 -18 13 56 20 19 -44 51 13 -11 75 -31 45 -19 -18
58 82 -35 -24 -14 11 46 3 13 -33 62 6 -8 83 -33 42 -25 -18
66 75 -34 -27 -8 8 38 1 13 -27 66 5 4 93 -33 29 -35 -23
69 70 -33 -30 0 8 32 -5 13 -19 68 5 15 96 -34 23 -38 -23
75 52 -35 -36 13 5 23 -6 12 -12 72 6 21 99 -32 11 -40 -23
74 45 -32 -34 22 5 8 -10 11 5 69 4 29 99 -32 3 -41 -24
74 39 -35 -35 29 4 0 -7 9 12 69 3 45 101 -34 -11 -39 -26
73 29 -36 -36 37 -1 -6 -5 7 19 69 0 53 99 -38 -18 -38 -27
67 18 -42 -33 43 -4 -13 -5 3 23 68 0 60 96 -38 -25 -36 -32
63 13 -44 -25 55 -15 -20 0 -4 34 63 -8 64 96 -45 -33 -33 -39
61 9 -49 -24 56 -19 -26 1 -13 36 58 -12 70 95 -54 -35 -28 -46
56 5 -56 -23 62 -20 -29 3 -13 41 54 -18 73 91 -57 -37 -26 -48
52 0 -59 -18 63 -27 -30 6 -19 42 48 -21 74 86 -64 -41 -21 -54
46 1 -64 -10 68 -33 -35 14 -24 46 47 -24 76 86 -64 -42 -17 -58
47 2 -67 -9 67 -35 -35 15 -28 46 44 -28 79 82 -73 -42 -13 -63
43 1 -68 -8 68 -36 -32 14 -32 45 41 -31 78 83 -75 -42 -15 -65
43 2 -69 -9 64 -38 -31 14 -32 44 42 -33 75 83 -76 -40 -16 -68
45 0 -68 -7 66 -33 -33 15 -30 44 41 -33 77 86 -76 -42 -15 -65
43 -2 -65 -5 68 -33 -36 18 -28 50 38 -26 79 79 -70 -44 -13 -61
41 -3 -64 -3 73 -31 -36 21 -27 50 37 -24 82 75 -69 -48 -11 -59
37 -5 -62 1 73 -31 -41 24 -25 54 33 -24 84 73 -69 -48 -6 -59
30 -8 -61 7 74 -29 -41 27 -25 56 28 -19 85 70 -69 -51 -3 -58
26 -9 -63 9 75 -29 -43 37 -24 57 20 -17 86 62 -68 -51 0 -56
23 -8 -60 15 75 -29 -42 41 -25 56 17 -15 87 55 -68 -52 8 -58
16 -6 -62 23 74 -29 -44 46 -27 56 12 -17 90 51 -69 -52 14 -59
7 -5 -66 31 72 -32 -43 49 -28 54 8 -19 87 45 -72 -55 20 -59
2 -4 -67 36 70 -34 -38 58 -33 51 -6 -20 86 41 -74 -52 25 -61
-5 -2 -71 41 68 -34 -36 64 -35 49 -9 -22 81 31 -80 -48 34 -65
-10 2 -73 44 65 -35 -33 68 -39 47 -14 -25 78 28 -86 -41 39 -68
-13 14 -79 48 59 -38 -29 73 -42 40 -19 -30 75 25 -86 -36 41 -71
-19 16 -81 53 55 -43 -21 77 -47 32 -24 -32 69 22 -91 -31 46 -74
-19 17 -83 57 50 -46 -18 79 -50 30 -25 -33 63 20 -96 -25 48 -81
-23 28 -86 57 42 -47 -9 80 -51 24 -28 -36 56 19 -100 -16 51 -81
-25 37 -88 62 37 -48 -3 83 -53 16 -30 -39 50 19 -100 -13 55 -83
-26 40 -89 61 28 -48 7 84 -54 9 -31 -39 43 17 -100 -6 54 -83
-23 47 -89 61 24 -50 11 84 -56 1 -29 -43 35 17 -103 1 52 -86
-25 47 -91 60 18 -50 15 83 -56 -2 -30 -44 30 18 -105 6 52 -88
-23 59 -92 60 12 -49 19 80 -57 -7 -29 -43 26 18 -105 10 51 -88
-23 60 -91 58 9 -49 24 82 -55 -11 -28 -43 22 17 -104 14 51 -85
-24 63 -92 60 9 -48 24 84 -56 -13 -28 -43 22 18 -102 14 52 -85
-25 62 -91 59 9 -44 23 83 -54 -13 -30 -41 22 16 -101 13 52 -81
-27 62 -88 63 8 -44 24 83 -50 -12 -31 -37 23 12 -100 13 54 -82
-34 57 -74 72 13 -31 22 88 -48 -10 -36 -31 25 8 -94 12 61 -75
-35 55 -71 73 15 -30 16 100 -34 -3 -40 -17 30 0 -82 10 64 -68
-38 53 -65 75 20 -22 14 100 -29 -4 -42 -9 32 -2 -72 6 70 -52
-41 50 -55 75 20 -11 12 103 -20 -1 -42 -2 36 -5 -67 3 70 -42
-34 44 -26 73 25 14 11 104 -7 1 -39 13 35 -7 -51 -1 67 -28
-29 42 -17 65 28 25 5 94 18 6 -25 36 37 -4 -38 -2 63 -14
-22 39 -6 58 28 34 3 88 29 7 -15 41 40 7 -17 -9 49 3
-15 38 0 51 32 38 2 80 34 9 -7 47 43 12 -12 -9 40 9
-1 31 8 36 34 44 -3 71 41 11 0 52 43 21 -5 -8 36 12
7 30 8 31 38 44 -5 60 46 14 14 52 46 26 -2 -13 27 14
14 29 7 20 38 45 -7 53 46 19 20 49 50 40 0 -17 12 13
22 25 5 13 43 44 -9 44 45 21 29 49 55 48 1 -20 5 13
38 22 2 6 45 38 -13 37 43 25 36 48 58 56 -3 -23 -2 10
44 21 -5 -9 47 30 -13 22 37 26 49 36 58 63 -6 -26 -10 6
49 20 -8 -12 52 28 -17 17 33 28 50 30 63 75 -12 -29 -20 -6
51 12 -13 -15 56 19 -20 15 27 33 53 25 67 76 -19 -33 -21 -9
48 2 -24 -14 58 15 -25 14 22 38 53 20 70 77 -25 -38 -19 -15
47 -1 -31 -11 68 3 -34 18 7 44 49 15 74 78 -28 -41 -18 -23
47 -2 -38 -9 71 -6 -37 17 2 50 45 1 82 76 -44 -50 -16 -34
43 -6 -43 -8 74 -10 -39 19 -5 54 38 -2 83 75 -49 -49 -11 -39
39 -7 -46 -3 75 -12 -42 25 -9 56 35 -5 88 71 -52 -51 -9 -43
30 -8 -48 6 77 -17 -45 31 -12 57 29 -6 89 65 -54 -55 -2 -43
26 -11 -50 10 79 -20 -44 36 -15 57 26 -10 91 59 -57 -54 2 -45
23 -11 -50 16 77 -18 -47 39 -15 58 19 -8 89 54 -57 -56 10 -47
18 -12 -53 19 78 -19 -45 43 -16 59 16 -7 90 52 -59 -55 15 -48
7 -10 -54 27 76 -20 -44 48 -16 58 11 -7 91 48 -59 -57 18 -49
7 -11 -52 29 76 -18 -45 52 -16 58 6 -5 91 43 -62 -56 23 -46
7 -9 -50 29 77 -19 -45 55 -18 55 5 -7 91 41 -61 -55 23 -48
-38 54 -59 77 17 -16 14 102 -25 -7 -44 -4 31 -3 -69 10 69 -47
-38 55 -51 75 12 -4 19 104 -14 -5 -42 5 26 -6 -59 10 71 -37
-36 59 -37 73 10 6 21 100 -5 -10 -40 12 25 -5 -52 13 69 -29
-35 64 -34 72 6 12 26 101 1 -17 -33 18 22 -7 -47 16 67 -26
-35 65 -35 71 4 11 28 99 3 -17 -34 21 17 -5 -44 22 62 -24
-35 68 -31 69 3 11 29 97 4 -20 -35 19 14 -4 -42 20 65 -22
-33 71 -30 69 1 11 33 98 4 -21 -33 19 14 -4 -43 23 64 -23
-31 77 -31 67 -8 17 40 93 7 -30 -25 22 9 -2 -42 26 60 -21
-23 80 -26 60 -9 18 46 88 12 -33 -23 26 1 5 -36 34 52 -16
-20 83 -22 58 -14 22 46 84 17 -37 -17 26 -3 11 -31 39 48 -13
-3 88 -15 49 -16 26 49 78 20 -39 -9 31 -5 16 -26 42 39 -4
-1 89 -10 36 -17 34 50 65 31 -39 -3 32 -7 23 -21 43 31 -4
6 89 -10 30 -19 37 51 61 33 -41 14 36 -7 33 -16 42 18 3
13 86 -6 21 -17 39 49 54 37 -39 19 39 -6 40 -12 38 13 7
24 83 -3 17 -15 39 48 47 38 -36 28 41 -3 45 -11 37 6 8
31 78 0 6 -8 41 37 37 43 -33 31 42 2 52 -6 31 3 10
35 73 0 4 -6 43 37 34 44 -26 37 43 6 55 -4 30 -1 9
38 68 0 0 -2 41 33 31 44 -24 40 43 10 61 -3 23 -7 13
41 68 2 -2 1 42 33 29 46 -21 44 43 10 62 -2 22 -9 12
46 58 4 -8 8 40 27 25 44 -19 47 43 17 63 -1 17 -12 12
47 53 2 -10 15 41 17 21 44 -5 52 41 27 70 -2 12 -16 10
50 47 2 -12 17 39 13 20 44 -3 53 42 30 67 -2 3 -17 11
49 44 2 -12 24 39 8 19 44 2 52 40 38 70 -3 -2 -17 9
48 36 1 -10 31 37 4 22 44 5 52 42 41 70 0 -8 -19 9
49 32 -1 -11 35 36 -4 22 39 15 51 39 45 67 -2 -11 -18 9
47 28 -1 -9 41 35 -7 21 39 19 51 39 55 71 -6 -20 -16 4
48 24 -1 -10 45 33 -11 21 37 23 49 37 57 70 -9 -24 -13 4
44 14 -6 -7 49 29 -14 20 35 28 48 35 61 69 -10 -30 -14 3
41 12 -7 -3 57 26 -24 26 32 37 43 34 67 70 -10 -32 -10 -1
37 7 -11 -1 62 24 -26 29 29 40 40 32 72 65 -17 -38 -7 -4
34 4 -13 -1 65 21 -31 29 26 43 39 28 75 65 -18 -41 -5 -8
33 -3 -18 2 66 15 -32 29 23 44 36 27 79 62 -22 -44 -4 -14
33 -6 -23 3 71 11 -39 33 17 47 35 23 81 61 -26 -47 -1 -15
29 -5 -26 10 73 6 -41 35 12 54 29 15 85 58 -34 -51 1 -21
26 -7 -29 10 74 5 -43 39 9 56 24 12 87 57 -37 -54 4 -25
20 -10 -35 14 75 -1 -42 40 3 57 23 8 89 53 -40 -54 8 -28
17 -11 -37 18 77 -7 -45 47 -2 57 20 7 91 56 -45 -53 10 -32
14 -10 -41 21 77 -8 -45 49 -6 59 13 5 90 48 -50 -56 12 -34
10 -11 -43 25 79 -9 -45 50 -6 57 10 4 89 45 -51 -56 18 -37
9 -12 -40 29 78 -11 -45 51 -7 57 9 2 89 44 -53 -54 20 -40
5 -11 -45 31 76 -14 -43 56 -11 55 5 -1 89 39 -53 -54 24 -41
2 -9 -47 35 75 -12 -42 60 -11 57 -1 1 87 35 -58 -54 25 -41
0 -8 -48 39 77 -16 -44 64 -14 55 -1 -2 87 34 -58 -51 33 -45
-5 -6 -48 40 74 -15 -43 64 -12 53 -5 -2 87 29 -62 -52 33 -44
-8 -3 -49 45 72 -14 -39 71 -15 51 -7 -2 84 29 -59 -51 36 -45
-11 -3 -49 47 70 -15 -36 74 -19 51 -13 -3 82 23 -63 -49 40 -45
-15 1 -50 54 68 -13 -36 79 -16 47 -16 -1 82 18 -62 -46 45 -46
-19 1 -50 55 64 -14 -35 81 -16 46 -17 -2 79 16 -62 -41 47 -45
-23 7 -51 59 62 -15 -31 86 -18 41 -22 -2 73 14 -66 -41 51 -47
-24 6 -51 60 60 -15 -28 86 -17 39 -27 -1 74 12 -65 -40 53 -47
-28 12 -52 62 58 -15 -25 89 -20 38 -30 -1 72 8 -66 -36 57 -46
-28 11 -54 64 55 -16 -23 90 -20 33 -28 -1 69 5 -67 -33 57 -48
-31 19 -54 65 55 -14 -21 91 -21 30 -31 -5 65 6 -67 -33 60 -48
-33 19 -56 68 49 -17 -17 94 -22 28 -36 -7 64 4 -68 -28 62 -49
-35 22 -57 71 46 -18 -14 95 -22 23 -38 -4 58 1 -69 -22 65 -50
-36 28 -58 73 39 -18 -5 98 -26 17 -41 -4 52 -3 -72 -17 66 -52
-39 37 -61 75 35 -18 -2 100 -26 12 -43 -6 47 -2 -73 -11 68 -49
-41 41 -63 77 28 -23 5 101 -30 11 -42 -10 44 -3 -75 -9 69 -55
-39 43 -63 74 27 -22 6 101 -30 6 -44 -12 41 -1 -78 -4 67 -58
-38 43 -68 74 25 -25 6 97 -34 4 -41 -13 40 0 -81 -2 69 -60
-38 43 -69 75 25 -27 5 96 -35 4 -42 -14 39 1 -82 -5 69 -61
-35 42 -74 71 26 -31 6 95 -39 7 -40 -18 42 1 -83 -6 65 -64
-34 42 -75 70 29 -32 5 96 -42 9 -39 -21 42 6 -87 -5 66 -67
-33 41 -76 69 30 -34 2 93 -44 10 -41 -23 47 6 -90 -8 64 -70
-32 37 -78 67 33 -38 -1 92 -47 14 -37 -26 50 8 -92 -11 58 -73
-27 33 -84 64 37 -43 -4 88 -48 17 -34 -30 52 12 -94 -15 57 -77
-26 34 -86 61 38 -45 -5 84 -50 18 -31 -36 52 16 -96 -15 55 -78
-22 34 -87 58 36 -48 -7 81 -55 20 -27 -38 54 20 -101 -16 49 -85
-20 29 -93 53 39 -53 -8 78 -56 19 -25 -45 55 25 -103 -21 43 -88
-13 28 -95 45 42 -57 -10 72 -60 23 -22 -45 57 30 -106 -20 41 -89
-7 29 -100 42 42 -60 -11 64 -62 23 -9 -52 56 35 -107 -17 35 -92
-1 28 -101 38 43 -62 -12 57 -66 24 -7 -55 57 46 -111 -22 26 -95
3 25 -101 31 43 -62 -13 51 -64 22 1 -57 58 51 -109 -20 19 -97
17 27 -101 26 44 -63 -14 45 -67 24 6 -58 58 58 -110 -22 14 -95
21 25 -102 13 46 -64 -14 34 -62 28 18 -57 59 64 -107 -23 9 -95
28 21 -101 7 46 -62 -14 28 -59 29 24 -56 60 74 -104 -24 -3 -91
34 19 -97 2 47 -60 -15 22 -55 30 32 -54 60 77 -98 -26 -11 -86
48 19 -87 -6 50 -57 -16 16 -49 32 39 -50 62 86 -95 -26 -16 -83
52 20 -85 -12 51 -49 -19 6 -42 31 44 -46 63 89 -89 -28 -19 -81
54 17 -80 -18 53 -45 -20 5 -37 34 50 -40 65 92 -81 -29 -27 -70
55 12 -76 -18 55 -40 -21 4 -32 35 51 -34 67 93 -73 -32 -25 -66
58 10 -63 -19 56 -36 -24 1 -25 38 55 -29 70 96 -67 -33 -28 -58
56 5 -59 -20 61 -22 -29 3 -15 39 57 -21 71 94 -61 -37 -28 -52
56 4 -50 -21 62 -18 -29 5 -7 42 55 -12 74 91 -49 -37 -29 -47
54 2 -46 -19 64 -12 -30 10 -2 43 55 -2 75 87 -42 -41 -25 -35
53 0 -41 -16 65 -5 -31 12 2 44 53 2 76 83 -38 -43 -20 -28
46 -1 -30 -9 64 6 -33 20 13 47 50 11 77 78 -32 -43 -19 -25
44 -1 -27 -5 65 10 -33 21 17 48 44 20 78 73 -24 -44 -17 -19
40 0 -23 -2 66 12 -33 28 22 46 41 25 77 70 -22 -44 -9 -11
38 2 -17 -3 67 18 -33 27 21 43 40 28 74 66 -20 -43 -8 -8
33 5 -9 2 62 24 -30 31 24 42 42 30 74 66 -15 -40 -7 -4
32 6 -7 3 60 26 -27 35 33 39 36 35 72 60 -14 -38 -2 -2
30 9 -6 7 60 29 -24 36 35 35 34 37 68 57 -8 -35 0 4
27 10 0 9 55 31 -22 39 38 35 33 41 65 53 -6 -31 1 7
24 16 1 13 49 37 -19 42 41 30 29 44 60 48 -8 -29 5 10
21 18 3 17 48 37 -15 47 42 27 26 48 62 48 -2 -29 6 9
18 18 4 18 46 40 -14 49 44 25 24 46 58 44 -3 -24 12 12
17 20 6 18 47 40 -13 49 44 24 23 49 57 42 -1 -23 13 12
12 23 6 22 47 42 -10 54 43 22 19 48 54 38 -3 -19 18 13
9 26 7 30 40 43 -9 59 42 17 12 52 52 35 -3 -18 19 14
4 28 4 34 40 42 -7 64 42 18 8 51 50 27 -2 -16 27 13
0 29 5 35 37 44 -7 64 43 14 5 51 48 25 -4 -13 31 10
-4 31 5 38 39 42 -3 69 44 11 4 51 46 22 -5 -10 33 13
-6 36 3 43 35 42 -1 75 41 14 -2 50 44 20 -6 -9 36 11
-8 37 3 47 31 40 3 79 38 6 -8 51 38 13 -8 -6 42 7
-13 40 2 51 28 39 4 79 37 6 -8 48 37 13 -13 -5 45 7
-14 41 -1 52 25 39 8 82 35 2 -11 48 37 11 -15 0 47 7
-21 44 -5 57 22 38 10 86 31 1 -15 44 35 7 -17 -1 49 3
-20 48 -5 57 22 34 12 88 30 -4 -16 43 32 4 -20 -1 52 1
-23 49 -7 60 20 32 12 91 27 -3 -19 42 31 3 -22 3 53 -2
-25 49 -11 62 20 31 16 92 25 -5 -22 40 28 1 -24 5 56 -6
-26 54 -15 61 17 28 18 92 23 -7 -26 36 30 -1 -26 6 58 -6
-28 53 -16 64 15 28 20 96 19 -8 -24 35 25 -3 -30 7 57 -8
-30 54 -19 68 13 24 20 97 18 -7 -26 30 26 -2 -32 9 60 -11
-31 56 -20 68 11 21 21 97 15 -10 -31 28 25 -5 -33 12 62 -12
-33 62 -27 69 7 18 22 98 10 -13 -33 29 23 -5 -36 13 65 -16
-35 63 -27 70 6 17 27 101 7 -15 -33 23 22 -5 -41 13 65 -19
-33 64 -30 70 5 17 27 99 7 -17 -36 20 19 -6 -42 18 64 -21
-35 65 -33 73 2 12 29 102 3 -18 -37 19 16 -3 -47 19 66 -24
-35 69 -36 71 1 10 32 98 1 -20 -36 16 16 -4 -46 18 66 -27
-35 68 -37 72 1 8 33 101 -6 -20 -38 11 16 -3 -51 21 66 -28
-36 69 -40 72 2 4 33 99 -5 -21 -38 11 14 -7 -54 19 65 -31
-37 70 -43 73 4 3 33 102 -5 -20 -38 10 13 -6 -53 22 65 -33
-38 67 -43 72 -2 1 30 100 -6 -18 -39 7 15 -5 -55 20 67 -34
-38 66 -45 74 4 -3 27 102 -12 -18 -37 7 15 -4 -56 20 68 -36
-38 63 -49 75 6 -4 26 104 -11 -14 -42 5 20 -8 -61 16 68 -39
-38 61 -47 76 9 -5 25 102 -15 -12 -42 2 22 -6 -62 13 71 -41
-38 57 -53 75 10 -9 21 102 -16 -10 -43 0 24 -6 -65 13 70 -43
-40 54 -57 77 16 -12 16 103 -22 -7 -42 1 26 -5 -68 10 70 -46
-37 51 -60 74 16 -16 14 104 -23 -1 -43 -6 33 -5 -70 6 72 -48
-39 49 -60 79 22 -16 11 100 -26 0 -42 -7 37 -3 -75 0 69 -52
-40 47 -62 75 23 -21 8 102 -29 3 -43 -10 39 -4 -77 -3 68 -55
-37 39 -69 73 31 -28 2 97 -36 6 -42 -14 43 -1 -79 -6 68 -61
-33 37 -71 73 32 -31 -1 96 -38 12 -39 -19 49 3 -85 -8 65 -64
-35 35 -71 70 33 -33 -2 94 -41 15 -39 -21 50 5 -83 -13 63 -70
-32 32 -76 70 37 -37 -8 93 -42 17 -36 -24 51 7 -88 -17 61 -71
-28 27 -78 66 41 -38 -7 92 -44 21 -35 -26 54 11 -89 -17 60 -72
-27 26 -80 60 44 -41 -12 84 -47 25 -29 -32 60 18 -93 -21 56 -73
-23 23 -84 58 46 -44 -16 79 -48 29 -28 -33 63 20 -93 -27 46 -77
-19 19 -84 52 51 -47 -18 75 -50 32 -22 -38 65 26 -96 -31 45 -80
-8 13 -86 46 55 -50 -21 70 -50 35 -17 -37 70 30 -99 -32 39 -81
-4 12 -86 40 57 -51 -24 61 -52 39 -8 -39 69 36 -99 -34 35 -82
-1 8 -89 37 59 -53 -27 58 -53 41 -6 -42 72 42 -96 -38 26 -83
3 9 -87 31 61 -51 -29 53 -53 40 0 -42 75 48 -98 -38 23 -83
13 5 -87 25 60 -53 -30 50 -53 40 5 -43 75 50 -97 -40 17 -82
18 5 -86 14 62 -52 -33 37 -48 45 18 -41 76 58 -96 -40 10 -83
26 2 -86 9 63 -50 -30 32 -47 44 23 -40 76 71 -90 -41 -2 -78
32 4 -85 6 66 -49 -32 28 -45 45 28 -39 78 74 -87 -40 -4 -76
42 2 -77 1 65 -48 -33 24 -41 46 33 -38 78 77 -82 -43 -9 -72
42 3 -73 -9 66 -37 -34 16 -32 45 38 -35 78 81 -78 -43 -15 -67
50 2 -67 -12 65 -30 -33 11 -25 45 46 -25 75 86 -66 -43 -21 -58
49 0 -63 -15 65 -27 -32 10 -20 47 48 -20 77 86 -62 -40 -23 -52
51 0 -55 -16 67 -21 -32 9 -12 46 48 -15 79 87 -55 -42 -24 -48
54 3 -46 -17 64 -10 -32 9 -2 44 52 -10 78 88 -49 -40 -25 -39
53 3 -36 -17 63 -4 -29 9 3 42 56 3 77 84 -39 -40 -25 -35
50 4 -34 -15 63 2 -32 12 10 42 53 9 76 83 -31 -39 -23 -22
52 4 -27 -12 61 9 -26 15 16 42 51 16 73 79 -24 -39 -20 -17
48 9 -17 -11 58 18 -26 18 23 40 53 22 70 76 -20 -36 -21 -11
45 9 -12 -11 55 24 -21 20 30 33 49 31 64 72 -11 -33 -18 -6
44 14 -8 -9 53 28 -20 21 34 32 48 35 62 70 -8 -28 -16 1
45 15 -6 -8 50 30 -16 22 35 30 48 36 60 68 -8 -25 -15 5
42 22 -1 -6 43 36 -11 24 37 26 48 39 57 68 -4 -24 -15 8
44 27 0 -5 41 37 -6 27 41 18 47 43 52 65 -3 -17 -12 8
